0.0958084
0.997921 0.997921 0.997921 0.997921 0.997921 0.997921 0.997921 0.997921 0.997921 0.997921 0.997921 0.997921 0.997921 0.997921 0.997921 0.997921 0.997921 0.997921 0.997921 0.997921 0.997921 0.997921 0.997921 0.997921 0.997921 0.997921 0.997921 0.997921
0.997921 0.997921 0.997921 0.997921 0.997921 0.997921 0.997921 0.997921 0.997921 0.997921 0.997921 0.997921 0.997921 0.997921 0.997921 0.997921 0.997921 0.997921 0.997921 0.997921 0.997921 0.997921 0.997921 0.997921 0.997921 0.997921 0.997921 0.997921
0.997921 0.997921 0.997921 0.997921 0.997921 0.997921 0.997921 0.997921 0.997921 0.997921 0.997921 0.997921 0.997921 0.997921 0.997921 0.997921 0.997921 0.997921 0.997921 0.997921 0.997921 0.997921 0.997921 0.997921 0.997921 0.997921 0.997921 0.997921
0.997921 0.997921 0.997921 0.997921 0.997921 0.997921 0.997921 0.997921 0.997921 0.997921 0.995842 0.989605 0.983368 0.975052 0.968815 0.966736 0.968815 0.966736 0.972973 0.985447 0.989605 0.995842 0.997921 0.997921 0.997921 0.997921 0.997921 0.997921
0.997921 0.997921 0.997921 0.997921 0.997921 0.997921 0.997921 0.995842 0.989605 0.975052 0.948025 0.877339 0.790021 0.713098 0.629938 0.577963 0.588358 0.580042 0.642412 0.723493 0.823285 0.887734 0.935551 0.975052 0.993763 0.997921 0.997921 0.997921
0.997921 0.997921 0.997921 0.997921 0.997921 0.997921 0.995842 0.991684 0.970894 0.91684 0.814969 0.727651 0.592516 0.440748 0.322245 0.241164 0.224532 0.247401 0.361746 0.480249 0.642412 0.75052 0.871102 0.943867 0.989605 0.997921 0.997921 0.997921
0.997921 0.997921 0.997921 0.997921 0.993763 0.993763 0.991684 0.975052 0.929314 0.810811 0.683992 0.56341 0.413721 0.278586 0.191268 0.122661 0.10395 0.118503 0.193347 0.301455 0.451143 0.629938 0.773389 0.904366 0.97921 0.997921 0.997921 0.997921
0.997921 0.997921 0.997921 0.997921 0.995842 0.993763 0.985447 0.939709 0.825364 0.694387 0.56341 0.397089 0.243243 0.141372 0.128898 0.108108 0.112266 0.0935551 0.122661 0.178794 0.293139 0.488565 0.700624 0.856549 0.960499 0.997921 0.997921 0.997921
0.997921 0.997921 0.997921 0.997921 0.995842 0.989605 0.956341 0.887734 0.744283 0.592516 0.384615 0.268191 0.182952 0.160083 0.189189 0.214137 0.243243 0.203742 0.178794 0.14553 0.241164 0.349272 0.569647 0.802495 0.929314 0.997921 0.997921 0.997921
0.997921 0.997921 0.997921 0.997921 0.995842 0.977131 0.910603 0.773389 0.636175 0.430353 0.259875 0.18711 0.191268 0.253638 0.330561 0.39501 0.426195 0.405405 0.305613 0.195426 0.191268 0.297297 0.463617 0.696466 0.918919 0.997921 0.997921 0.997921
0.997921 0.997921 0.997921 0.997921 0.995842 0.941788 0.846154 0.679834 0.490644 0.295218 0.182952 0.178794 0.268191 0.376299 0.492723 0.611227 0.652807 0.588358 0.469854 0.305613 0.193347 0.234927 0.370062 0.611227 0.891892 0.997921 0.997921 0.997921
0.997921 0.997921 0.997921 0.997921 0.989605 0.900208 0.742204 0.557173 0.357588 0.205821 0.193347 0.27027 0.392931 0.550936 0.665281 0.775468 0.81289 0.762994 0.588358 0.388773 0.216216 0.199584 0.326403 0.575884 0.850312 0.993763 0.995842 0.997921
0.997921 0.997921 0.997921 0.997921 0.983368 0.821206 0.636175 0.43659 0.234927 0.172557 0.245322 0.386694 0.559252 0.717256 0.856549 0.91684 0.91684 0.83368 0.692308 0.455301 0.247401 0.203742 0.299376 0.538462 0.829522 0.991684 0.995842 0.997921
0.997921 0.997921 0.995842 0.997921 0.960499 0.762994 0.544699 0.326403 0.180873 0.189189 0.328482 0.50104 0.713098 0.846154 0.931393 0.95842 0.954262 0.866944 0.706861 0.50104 0.261954 0.197505 0.316008 0.525988 0.808732 0.993763 0.995842 0.997921
0.997921 0.997921 0.997921 0.997921 0.93763 0.671518 0.428274 0.22869 0.170478 0.24948 0.438669 0.644491 0.827443 0.929314 0.970894 0.981289 0.95842 0.841996 0.690229 0.465696 0.266112 0.224532 0.326403 0.540541 0.81289 0.995842 0.997921 0.997921
0.997921 0.997921 0.997921 0.995842 0.91684 0.602911 0.357588 0.189189 0.185031 0.301455 0.54262 0.756757 0.906445 0.964657 0.993763 0.983368 0.93763 0.802495 0.615385 0.409563 0.251559 0.245322 0.376299 0.580042 0.829522 0.995842 0.997921 0.997921
0.997921 0.997921 0.997921 0.995842 0.881497 0.555094 0.301455 0.155925 0.191268 0.376299 0.634096 0.852391 0.931393 0.981289 0.987526 0.945946 0.864865 0.706861 0.50104 0.343035 0.239085 0.284823 0.43659 0.650728 0.860707 0.995842 0.997921 0.997921
0.997921 0.997921 0.997921 0.997921 0.841996 0.519751 0.27027 0.155925 0.2079 0.407484 0.663202 0.858628 0.927235 0.960499 0.935551 0.877339 0.742204 0.530146 0.378378 0.259875 0.22869 0.355509 0.540541 0.725572 0.898129 0.997921 0.997921 0.997921
0.997921 0.997921 0.997921 0.995842 0.831601 0.519751 0.27027 0.147609 0.195426 0.419958 0.644491 0.798337 0.856549 0.866944 0.817048 0.696466 0.52183 0.370062 0.278586 0.216216 0.303534 0.463617 0.636175 0.814969 0.927235 0.995842 0.997921 0.997921
0.997921 0.997921 0.997921 0.993763 0.844075 0.565489 0.299376 0.153846 0.193347 0.303534 0.474012 0.642412 0.681913 0.66736 0.590437 0.451143 0.340956 0.239085 0.193347 0.259875 0.399168 0.592516 0.75052 0.900208 0.964657 0.995842 0.997921 0.997921
0.997921 0.997921 0.997921 0.993763 0.87526 0.62578 0.388773 0.191268 0.133056 0.172557 0.237006 0.343035 0.370062 0.35343 0.305613 0.241164 0.189189 0.162162 0.224532 0.405405 0.577963 0.704782 0.866944 0.948025 0.987526 0.995842 0.995842 0.997921
0.997921 0.997921 0.997921 0.995842 0.914761 0.733888 0.492723 0.282744 0.147609 0.0977131 0.0956341 0.101871 0.141372 0.164241 0.151767 0.122661 0.137214 0.237006 0.403326 0.567568 0.723493 0.866944 0.935551 0.981289 0.993763 0.995842 0.995842 0.997921
0.997921 0.997921 0.997921 0.995842 0.952183 0.829522 0.659044 0.453222 0.293139 0.168399 0.0997921 0.0790021 0.0810811 0.0977131 0.126819 0.180873 0.326403 0.465696 0.632017 0.767152 0.860707 0.933472 0.97921 0.993763 0.997921 0.995842 0.995842 0.997921
0.997921 0.997921 0.997921 0.997921 0.991684 0.93763 0.850312 0.711019 0.540541 0.388773 0.266112 0.22869 0.230769 0.259875 0.340956 0.465696 0.602911 0.754678 0.850312 0.912682 0.964657 0.983368 0.991684 0.995842 0.997921 0.997921 0.997921 0.997921
0.997921 0.997921 0.997921 0.997921 0.993763 0.993763 0.981289 0.966736 0.929314 0.877339 0.841996 0.806653 0.796258 0.808732 0.827443 0.858628 0.912682 0.945946 0.970894 0.985447 0.993763 0.993763 0.995842 0.997921 0.997921 0.997921 0.997921 0.997921
0.997921 0.997921 0.997921 0.997921 0.997921 0.997921 0.997921 0.997921 0.997921 0.995842 0.993763 0.991684 0.991684 0.991684 0.993763 0.993763 0.997921 0.997921 0.997921 0.997921 0.997921 0.997921 0.997921 0.997921 0.997921 0.997921 0.997921 0.997921
0.997921 0.997921 0.997921 0.997921 0.997921 0.997921 0.997921 0.997921 0.997921 0.997921 0.997921 0.997921 0.997921 0.997921 0.997921 0.997921 0.997921 0.997921 0.997921 0.997921 0.997921 0.997921 0.997921 0.997921 0.997921 0.997921 0.997921 0.997921
0.997921 0.997921 0.997921 0.997921 0.997921 0.997921 0.997921 0.997921 0.997921 0.997921 0.997921 0.997921 0.997921 0.997921 0.997921 0.997921 0.997921 0.997921 0.997921 0.997921 0.997921 0.997921 0.997921 0.997921 0.997921 0.997921 0.997921 0.997921
0.112575
0.99823 0.99823 0.99823 0.99823 0.99823 0.99823 0.99823 0.99823 0.99823 0.99823 0.99823 0.99823 0.99823 0.99823 0.99823 0.99823 0.99823 0.99823 0.99823 0.99823 0.99823 0.99823 0.99823 0.99823 0.99823 0.99823 0.99823 0.99823
0.99823 0.99823 0.99823 0.99823 0.99823 0.99823 0.99823 0.99823 0.99823 0.99823 0.99823 0.99823 0.99823 0.99823 0.99823 0.99823 0.99823 0.99823 0.99823 0.99823 0.99823 0.99823 0.99823 0.99823 0.99823 0.99823 0.99823 0.99823
0.99823 0.99823 0.99823 0.99823 0.99823 0.99823 0.99823 0.99823 0.99823 0.99823 0.99823 0.99823 0.99823 0.99823 0.99823 0.99823 0.99823 0.99823 0.99823 0.99823 0.99823 0.99823 0.99823 0.99823 0.99823 0.99823 0.99823 0.99823
0.99823 0.99823 0.99823 0.99823 0.99823 0.99823 0.99823 0.99823 0.99823 0.99823 0.99823 0.99646 0.99646 0.985841 0.987611 0.980531 0.987611 0.989381 0.989381 0.99292 0.99469 0.99469 0.99823 0.99823 0.99823 0.99823 0.99823 0.99823
0.99823 0.99823 0.99823 0.99823 0.99646 0.99823 0.99823 0.99646 0.99646 0.99469 0.982301 0.959292 0.909735 0.824779 0.769912 0.750442 0.771681 0.752212 0.750442 0.787611 0.860177 0.934513 0.973451 0.99469 0.99646 0.99823 0.99823 0.99823
0.99823 0.99823 0.99646 0.99646 0.99823 0.99823 0.99469 0.99292 0.99292 0.99115 0.969912 0.929204 0.854867 0.711504 0.615929 0.555752 0.529204 0.532743 0.555752 0.630088 0.782301 0.890265 0.957522 0.989381 0.99469 0.99823 0.99646 0.99823
0.99823 0.99823 0.99823 0.99823 0.99823 0.99823 0.99469 0.99292 0.989381 0.989381 0.962832 0.923894 0.838938 0.686726 0.536283 0.472566 0.426549 0.451327 0.511504 0.614159 0.780531 0.895575 0.966372 0.99115 0.99469 0.99823 0.99823 0.99823
0.99823 0.99823 0.99823 0.99646 0.99646 0.99646 0.99292 0.99115 0.989381 0.987611 0.969912 0.925664 0.826549 0.658407 0.486726 0.376991 0.345133 0.40531 0.506195 0.649558 0.824779 0.932743 0.978761 0.99292 0.99823 0.99823 0.99823 0.99823
0.99823 0.99823 0.99823 0.99646 0.99646 0.99823 0.99646 0.99292 0.989381 0.987611 0.975221 0.923894 0.815929 0.637168 0.423009 0.276106 0.260177 0.40885 0.525664 0.722124 0.895575 0.962832 0.985841 0.99823 0.99823 0.99823 0.99823 0.99823
0.99823 0.99646 0.99823 0.99646 0.99823 0.99823 0.99646 0.99469 0.99115 0.985841 0.976991 0.927434 0.817699 0.59646 0.334513 0.159292 0.235398 0.423009 0.60531 0.79292 0.941593 0.989381 0.99646 0.99823 0.99823 0.99823 0.99823 0.99823
0.99823 0.99646 0.99823 0.99823 0.99823 0.99823 0.99646 0.99646 0.99115 0.984071 0.980531 0.936283 0.810619 0.534513 0.20177 0.0761062 0.223009 0.469027 0.688496 0.884956 0.976991 0.99469 0.99823 0.99823 0.99823 0.99646 0.99823 0.99823
0.99823 0.99823 0.99823 0.99823 0.99823 0.99823 0.99646 0.99115 0.989381 0.987611 0.980531 0.955752 0.79823 0.417699 0.0902655 0.0477876 0.237168 0.534513 0.79823 0.961062 0.99469 0.99646 0.99823 0.99823 0.99823 0.99646 0.99823 0.99823
0.99823 0.99823 0.99823 0.99823 0.99823 0.99823 0.99292 0.99292 0.99115 0.987611 0.985841 0.962832 0.755752 0.267257 0.0212389 0.0353982 0.253097 0.631858 0.899115 0.984071 0.99823 0.99646 0.99823 0.99823 0.99823 0.99823 0.99823 0.99823
0.99823 0.99823 0.99823 0.99823 0.99823 0.99646 0.99469 0.99469 0.99292 0.989381 0.989381 0.950442 0.638938 0.107965 0.0106195 0.0336283 0.313274 0.764602 0.957522 0.99646 0.99823 0.99823 0.99823 0.99823 0.99823 0.99823 0.99823 0.99823
0.99823 0.99823 0.99823 0.99823 0.99823 0.99469 0.99646 0.99823 0.99646 0.99292 0.980531 0.893805 0.483186 0.0460177 0.00530973 0.0566372 0.493805 0.886726 0.984071 0.99646 0.99646 0.99646 0.99823 0.99823 0.99823 0.99646 0.99646 0.99823
0.99823 0.99823 0.99823 0.99823 0.99823 0.99823 0.99823 0.99469 0.99469 0.99292 0.969912 0.784071 0.341593 0.040708 0.00530973 0.107965 0.635398 0.936283 0.987611 0.99646 0.99646 0.99646 0.99823 0.99823 0.99823 0.99823 0.99823 0.99823
0.99823 0.99823 0.99823 0.99823 0.99646 0.99646 0.99469 0.99469 0.99469 0.985841 0.906195 0.644248 0.281416 0.040708 0.0230088 0.226549 0.745133 0.957522 0.99115 0.99115 0.99823 0.99823 0.99823 0.99823 0.99823 0.99823 0.99823 0.99823
0.99823 0.99823 0.99823 0.99823 0.99646 0.99469 0.99469 0.99469 0.987611 0.948673 0.778761 0.532743 0.254867 0.0495575 0.0955752 0.435398 0.787611 0.961062 0.985841 0.987611 0.99646 0.99823 0.99823 0.99823 0.99823 0.99823 0.99646 0.99823
0.99823 0.99823 0.99823 0.99823 0.99823 0.99823 0.99469 0.99115 0.971681 0.877876 0.679646 0.456637 0.231858 0.0884956 0.20177 0.557522 0.79469 0.943363 0.978761 0.982301 0.989381 0.99292 0.99646 0.99646 0.99646 0.99823 0.99646 0.99469
0.99823 0.99823 0.99823 0.99823 0.99823 0.99646 0.99646 0.982301 0.922124 0.769912 0.59646 0.40708 0.247788 0.169912 0.350442 0.59823 0.79469 0.946903 0.969912 0.980531 0.984071 0.989381 0.99469 0.99469 0.99469 0.99646 0.99823 0.99469
0.99823 0.99823 0.99823 0.99646 0.99646 0.99469 0.982301 0.945133 0.842478 0.684956 0.530973 0.4 0.284956 0.286726 0.449558 0.628319 0.780531 0.932743 0.968142 0.978761 0.985841 0.985841 0.99292 0.99469 0.99292 0.99292 0.99823 0.99823
0.99823 0.99823 0.99823 0.99646 0.99646 0.99469 0.968142 0.913274 0.778761 0.624779 0.504425 0.40177 0.346903 0.382301 0.525664 0.649558 0.771681 0.907965 0.962832 0.984071 0.985841 0.99115 0.99469 0.99646 0.99469 0.99646 0.99646 0.99823
0.99823 0.99823 0.99823 0.99646 0.99646 0.989381 0.966372 0.876106 0.732743 0.6 0.500885 0.454867 0.435398 0.474336 0.545133 0.660177 0.784071 0.906195 0.959292 0.984071 0.989381 0.99469 0.99646 0.99646 0.99646 0.99646 0.99823 0.99823
0.99823 0.99823 0.99823 0.99823 0.99646 0.985841 0.966372 0.890265 0.755752 0.624779 0.555752 0.562832 0.561062 0.568142 0.59823 0.711504 0.815929 0.911504 0.966372 0.985841 0.99115 0.99646 0.99823 0.99823 0.99823 0.99823 0.99823 0.99823
0.99823 0.99823 0.99823 0.99823 0.99823 0.99469 0.987611 0.968142 0.927434 0.884956 0.856637 0.858407 0.865487 0.861947 0.867257 0.904425 0.946903 0.971681 0.989381 0.99469 0.99646 0.99823 0.99823 0.99823 0.99823 0.99823 0.99823 0.99823
0.99823 0.99823 0.99823 0.99823 0.99823 0.99823 0.99823 0.99823 0.99646 0.99292 0.99292 0.99469 0.99646 0.99292 0.99292 0.99646 0.99823 0.99823 0.99823 0.99823 0.99823 0.99823 0.99823 0.99823 0.99823 0.99823 0.99823 0.99823
0.99823 0.99823 0.99823 0.99823 0.99823 0.99823 0.99823 0.99823 0.99823 0.99823 0.99823 0.99823 0.99823 0.99823 0.99823 0.99823 0.99823 0.99823 0.99823 0.99823 0.99823 0.99823 0.99823 0.99823 0.99823 0.99823 0.99823 0.99823
0.99823 0.99823 0.99823 0.99823 0.99823 0.99823 0.99823 0.99823 0.99823 0.99823 0.99823 0.99823 0.99823 0.99823 0.99823 0.99823 0.99823 0.99823 0.99823 0.99823 0.99823 0.99823 0.99823 0.99823 0.99823 0.99823 0.99823 0.99823
0.0976048
0.997959 0.997959 0.997959 0.997959 0.997959 0.997959 0.997959 0.997959 0.997959 0.997959 0.997959 0.997959 0.997959 0.997959 0.997959 0.997959 0.997959 0.997959 0.997959 0.997959 0.997959 0.997959 0.997959 0.997959 0.997959 0.997959 0.997959 0.997959
0.997959 0.997959 0.997959 0.997959 0.997959 0.997959 0.997959 0.997959 0.997959 0.997959 0.997959 0.997959 0.997959 0.997959 0.997959 0.993878 0.993878 0.995918 0.997959 0.997959 0.997959 0.997959 0.997959 0.997959 0.997959 0.997959 0.997959 0.997959
0.997959 0.997959 0.997959 0.997959 0.997959 0.997959 0.997959 0.995918 0.995918 0.993878 0.991837 0.989796 0.977551 0.97551 0.97551 0.97551 0.979592 0.977551 0.987755 0.991837 0.997959 0.997959 0.997959 0.995918 0.995918 0.997959 0.997959 0.997959
0.997959 0.997959 0.997959 0.997959 0.997959 0.995918 0.987755 0.97551 0.957143 0.922449 0.889796 0.836735 0.793878 0.759184 0.736735 0.722449 0.773469 0.820408 0.87551 0.920408 0.959184 0.979592 0.991837 0.995918 0.995918 0.997959 0.997959 0.997959
0.997959 0.997959 0.997959 0.997959 0.997959 0.981633 0.959184 0.934694 0.87551 0.783673 0.712245 0.614286 0.518367 0.444898 0.408163 0.410204 0.442857 0.52449 0.65102 0.769388 0.863265 0.914286 0.967347 0.995918 0.995918 0.995918 0.997959 0.997959
0.997959 0.997959 0.997959 0.997959 0.991837 0.963265 0.928571 0.863265 0.763265 0.663265 0.542857 0.430612 0.340816 0.265306 0.236735 0.220408 0.263265 0.322449 0.44898 0.6 0.726531 0.836735 0.922449 0.979592 0.995918 0.995918 0.997959 0.997959
0.997959 0.997959 0.997959 0.995918 0.987755 0.953061 0.904082 0.818367 0.691837 0.563265 0.44898 0.357143 0.3 0.265306 0.234694 0.232653 0.228571 0.25102 0.338776 0.479592 0.646939 0.759184 0.879592 0.967347 0.995918 0.997959 0.997959 0.997959
0.997959 0.997959 0.995918 0.993878 0.973469 0.932653 0.873469 0.791837 0.673469 0.561224 0.457143 0.395918 0.363265 0.371429 0.406122 0.369388 0.336735 0.287755 0.346939 0.444898 0.567347 0.730612 0.844898 0.946939 0.995918 0.997959 0.997959 0.997959
0.997959 0.997959 0.995918 0.993878 0.971429 0.926531 0.889796 0.8 0.720408 0.628571 0.573469 0.561224 0.565306 0.567347 0.573469 0.536735 0.461224 0.363265 0.35102 0.406122 0.530612 0.691837 0.830612 0.944898 0.997959 0.997959 0.997959 0.997959
0.997959 0.997959 0.995918 0.993878 0.971429 0.930612 0.889796 0.842857 0.804082 0.74898 0.704082 0.695918 0.693878 0.716327 0.704082 0.636735 0.514286 0.4 0.363265 0.408163 0.526531 0.704082 0.82449 0.944898 0.991837 0.997959 0.997959 0.997959
0.997959 0.997959 0.997959 0.997959 0.985714 0.957143 0.922449 0.904082 0.869388 0.838776 0.830612 0.82449 0.838776 0.859184 0.773469 0.677551 0.532653 0.406122 0.373469 0.418367 0.526531 0.716327 0.834694 0.94898 0.991837 0.995918 0.997959 0.997959
0.997959 0.997959 0.997959 0.997959 0.983673 0.967347 0.961224 0.944898 0.934694 0.920408 0.906122 0.902041 0.895918 0.873469 0.77551 0.646939 0.5 0.393878 0.353061 0.432653 0.559184 0.730612 0.859184 0.965306 0.985714 0.991837 0.997959 0.997959
0.997959 0.997959 0.997959 0.995918 0.991837 0.983673 0.973469 0.963265 0.94898 0.934694 0.914286 0.914286 0.887755 0.808163 0.7 0.573469 0.438776 0.353061 0.361224 0.459184 0.610204 0.771429 0.883673 0.965306 0.981633 0.987755 0.995918 0.997959
0.997959 0.997959 0.997959 0.995918 0.993878 0.981633 0.971429 0.94898 0.918367 0.891837 0.865306 0.806122 0.753061 0.671429 0.567347 0.45102 0.346939 0.312245 0.37551 0.495918 0.673469 0.812245 0.910204 0.959184 0.977551 0.989796 0.995918 0.997959
0.997959 0.997959 0.997959 0.995918 0.983673 0.965306 0.940816 0.879592 0.793878 0.708163 0.665306 0.585714 0.497959 0.412245 0.365306 0.295918 0.281633 0.308163 0.420408 0.544898 0.726531 0.828571 0.914286 0.942857 0.965306 0.991837 0.995918 0.997959
0.997959 0.997959 0.997959 0.993878 0.977551 0.914286 0.832653 0.710204 0.608163 0.532653 0.453061 0.365306 0.285714 0.220408 0.212245 0.216327 0.263265 0.326531 0.442857 0.577551 0.704082 0.810204 0.871429 0.912245 0.942857 0.979592 0.991837 0.997959
0.997959 0.997959 0.997959 0.981633 0.940816 0.830612 0.702041 0.565306 0.457143 0.373469 0.316327 0.222449 0.167347 0.153061 0.14898 0.193878 0.253061 0.342857 0.446939 0.553061 0.671429 0.744898 0.793878 0.857143 0.902041 0.955102 0.989796 0.997959
0.997959 0.997959 0.997959 0.971429 0.885714 0.730612 0.569388 0.453061 0.377551 0.32449 0.265306 0.232653 0.189796 0.159184 0.179592 0.218367 0.25102 0.336735 0.385714 0.497959 0.577551 0.634694 0.706122 0.787755 0.846939 0.930612 0.985714 0.995918
0.997959 0.997959 0.997959 0.95102 0.842857 0.661224 0.497959 0.385714 0.326531 0.283673 0.261224 0.240816 0.187755 0.181633 0.208163 0.232653 0.285714 0.32449 0.389796 0.430612 0.506122 0.589796 0.640816 0.72449 0.826531 0.930612 0.987755 0.995918
0.997959 0.997959 0.995918 0.944898 0.8 0.630612 0.45102 0.359184 0.304082 0.246939 0.226531 0.173469 0.185714 0.2 0.214286 0.3 0.334694 0.381633 0.402041 0.436735 0.491837 0.540816 0.64898 0.74898 0.830612 0.942857 0.991837 0.997959
0.997959 0.997959 0.995918 0.940816 0.804082 0.632653 0.471429 0.355102 0.255102 0.214286 0.179592 0.169388 0.197959 0.261224 0.35102 0.416327 0.434694 0.440816 0.459184 0.471429 0.5 0.595918 0.683673 0.771429 0.865306 0.955102 0.993878 0.997959
0.997959 0.997959 0.995918 0.955102 0.842857 0.7 0.555102 0.42449 0.342857 0.257143 0.246939 0.27551 0.346939 0.42449 0.52449 0.587755 0.606122 0.593878 0.593878 0.577551 0.616327 0.673469 0.773469 0.846939 0.914286 0.971429 0.993878 0.997959
0.997959 0.997959 0.997959 0.981633 0.926531 0.812245 0.706122 0.577551 0.502041 0.442857 0.436735 0.47551 0.555102 0.640816 0.706122 0.740816 0.759184 0.74898 0.742857 0.757143 0.773469 0.812245 0.867347 0.92449 0.95102 0.981633 0.993878 0.997959
0.997959 0.997959 0.997959 0.991837 0.971429 0.934694 0.887755 0.842857 0.814286 0.791837 0.787755 0.802041 0.830612 0.869388 0.895918 0.895918 0.893878 0.893878 0.889796 0.910204 0.918367 0.936735 0.955102 0.97551 0.989796 0.993878 0.995918 0.997959
0.997959 0.997959 0.997959 0.995918 0.991837 0.989796 0.977551 0.971429 0.97551 0.977551 0.971429 0.973469 0.973469 0.97551 0.97551 0.97551 0.97551 0.979592 0.981633 0.977551 0.981633 0.985714 0.989796 0.991837 0.997959 0.997959 0.997959 0.997959
0.997959 0.997959 0.997959 0.997959 0.997959 0.997959 0.997959 0.997959 0.997959 0.997959 0.997959 0.997959 0.997959 0.997959 0.997959 0.997959 0.997959 0.995918 0.995918 0.995918 0.995918 0.997959 0.997959 0.997959 0.997959 0.997959 0.997959 0.997959
0.997959 0.997959 0.997959 0.997959 0.997959 0.997959 0.997959 0.997959 0.997959 0.997959 0.997959 0.997959 0.997959 0.997959 0.997959 0.997959 0.997959 0.997959 0.997959 0.997959 0.997959 0.997959 0.997959 0.997959 0.997959 0.997959 0.997959 0.997959
0.997959 0.997959 0.997959 0.997959 0.997959 0.997959 0.997959 0.997959 0.997959 0.997959 0.997959 0.997959 0.997959 0.997959 0.997959 0.997959 0.997959 0.997959 0.997959 0.997959 0.997959 0.997959 0.997959 0.997959 0.997959 0.997959 0.997959 0.997959
0.0986028
0.99798 0.99798 0.99798 0.99798 0.99798 0.99798 0.99798 0.99798 0.99798 0.99798 0.99798 0.99798 0.99798 0.99798 0.99798 0.99798 0.99798 0.99798 0.99798 0.99798 0.99798 0.99798 0.99798 0.99798 0.99798 0.99798 0.99798 0.99798
0.99798 0.99798 0.99798 0.99798 0.99798 0.99798 0.99798 0.99798 0.99798 0.99798 0.99798 0.99798 0.99798 0.99798 0.99798 0.99798 0.99798 0.99798 0.99798 0.99798 0.99798 0.99798 0.99798 0.99798 0.99798 0.99798 0.99798 0.99798
0.99798 0.99798 0.99798 0.99798 0.99798 0.99798 0.99798 0.99798 0.99798 0.99798 0.99798 0.99798 0.99798 0.99798 0.99798 0.99798 0.99798 0.99798 0.99798 0.99798 0.99798 0.99798 0.99798 0.99798 0.99798 0.99798 0.99798 0.99798
0.99798 0.99798 0.99798 0.99798 0.99798 0.99596 0.99596 0.99596 0.993939 0.989899 0.987879 0.977778 0.971717 0.965657 0.965657 0.965657 0.967677 0.971717 0.983838 0.985859 0.993939 0.99596 0.99798 0.99798 0.99798 0.99798 0.99798 0.99798
0.99798 0.99798 0.99798 0.99596 0.993939 0.983838 0.975758 0.943434 0.915152 0.872727 0.787879 0.713131 0.650505 0.608081 0.587879 0.593939 0.640404 0.70101 0.779798 0.846465 0.927273 0.965657 0.989899 0.993939 0.99798 0.99798 0.99798 0.99798
0.99798 0.99798 0.99798 0.989899 0.973737 0.943434 0.911111 0.840404 0.745455 0.624242 0.482828 0.373737 0.29697 0.240404 0.214141 0.224242 0.278788 0.389899 0.507071 0.622222 0.765657 0.878788 0.955556 0.987879 0.99798 0.99798 0.99798 0.99798
0.99798 0.99798 0.99798 0.977778 0.953535 0.913131 0.814141 0.719192 0.591919 0.460606 0.29697 0.216162 0.163636 0.119192 0.0989899 0.0969697 0.109091 0.206061 0.349495 0.478788 0.630303 0.789899 0.892929 0.973737 0.99798 0.99798 0.99798 0.99798
0.99798 0.99596 0.99798 0.975758 0.939394 0.888889 0.793939 0.69697 0.553535 0.440404 0.365657 0.30101 0.284848 0.276768 0.238384 0.19596 0.210101 0.20202 0.266667 0.379798 0.549495 0.745455 0.874747 0.951515 0.99798 0.99798 0.99798 0.99798
0.99798 0.99798 0.99798 0.971717 0.933333 0.89899 0.824242 0.757576 0.662626 0.589899 0.551515 0.559596 0.565657 0.563636 0.527273 0.416162 0.321212 0.280808 0.29697 0.373737 0.541414 0.747475 0.878788 0.953535 0.99798 0.99798 0.99798 0.99798
0.99798 0.99798 0.99596 0.981818 0.961616 0.925253 0.866667 0.836364 0.793939 0.767677 0.753535 0.749495 0.715152 0.676768 0.59798 0.460606 0.321212 0.242424 0.278788 0.416162 0.587879 0.775758 0.905051 0.969697 0.99798 0.99798 0.99798 0.99798
0.99798 0.99798 0.99596 0.991919 0.983838 0.959596 0.933333 0.921212 0.888889 0.856566 0.824242 0.789899 0.715152 0.610101 0.476768 0.325253 0.20202 0.214141 0.317172 0.507071 0.678788 0.846465 0.931313 0.979798 0.99798 0.99798 0.99798 0.99798
0.99798 0.99798 0.99798 0.99596 0.989899 0.981818 0.967677 0.951515 0.915152 0.848485 0.759596 0.638384 0.50101 0.373737 0.236364 0.161616 0.133333 0.230303 0.412121 0.614141 0.771717 0.907071 0.971717 0.989899 0.99798 0.99798 0.99798 0.99798
0.99798 0.99798 0.99798 0.99798 0.993939 0.989899 0.977778 0.953535 0.884848 0.773737 0.624242 0.438384 0.278788 0.191919 0.111111 0.0989899 0.145455 0.280808 0.480808 0.682828 0.834343 0.941414 0.977778 0.991919 0.99798 0.99798 0.99798 0.99798
0.99798 0.99798 0.99798 0.99596 0.993939 0.991919 0.977778 0.923232 0.834343 0.682828 0.480808 0.292929 0.183838 0.113131 0.10101 0.115152 0.165657 0.236364 0.452525 0.644444 0.822222 0.923232 0.979798 0.993939 0.99798 0.99798 0.99798 0.99798
0.99798 0.99798 0.99798 0.99798 0.991919 0.987879 0.969697 0.925253 0.814141 0.650505 0.49697 0.329293 0.252525 0.212121 0.206061 0.189899 0.20202 0.224242 0.355556 0.555556 0.727273 0.882828 0.947475 0.989899 0.99596 0.99798 0.99798 0.99798
0.99798 0.99798 0.99798 0.99596 0.991919 0.983838 0.967677 0.929293 0.846465 0.731313 0.618182 0.513131 0.464646 0.442424 0.422222 0.387879 0.286869 0.246465 0.278788 0.408081 0.646465 0.808081 0.931313 0.975758 0.99596 0.99798 0.99596 0.99798
0.99798 0.99798 0.991919 0.983838 0.977778 0.953535 0.953535 0.931313 0.89697 0.842424 0.779798 0.767677 0.747475 0.727273 0.678788 0.59798 0.440404 0.288889 0.254545 0.353535 0.569697 0.749495 0.89697 0.969697 0.99596 0.99798 0.99798 0.99798
0.99798 0.99798 0.989899 0.963636 0.925253 0.90303 0.905051 0.905051 0.894949 0.89697 0.913131 0.907071 0.89899 0.884848 0.818182 0.664646 0.509091 0.357576 0.264646 0.325253 0.543434 0.739394 0.864646 0.955556 0.99596 0.99798 0.99798 0.99798
0.99798 0.99798 0.989899 0.945455 0.866667 0.824242 0.787879 0.787879 0.834343 0.890909 0.911111 0.923232 0.931313 0.89899 0.818182 0.668687 0.486869 0.377778 0.29697 0.339394 0.551515 0.727273 0.850505 0.955556 0.99596 0.99798 0.99798 0.99798
0.99798 0.99798 0.983838 0.921212 0.791919 0.717172 0.644444 0.648485 0.715152 0.79798 0.844444 0.874747 0.864646 0.80404 0.70101 0.541414 0.393939 0.309091 0.290909 0.385859 0.569697 0.745455 0.864646 0.961616 0.99596 0.99798 0.99798 0.99798
0.99798 0.99798 0.981818 0.89697 0.769697 0.638384 0.535354 0.49697 0.509091 0.577778 0.624242 0.648485 0.624242 0.537374 0.420202 0.323232 0.246465 0.232323 0.313131 0.482828 0.624242 0.777778 0.890909 0.965657 0.99596 0.99798 0.99798 0.99798
0.99798 0.99798 0.981818 0.917172 0.789899 0.666667 0.484848 0.4 0.345455 0.339394 0.329293 0.345455 0.321212 0.274747 0.212121 0.163636 0.185859 0.260606 0.428283 0.579798 0.713131 0.836364 0.935354 0.981818 0.99798 0.99798 0.99798 0.99798
0.99798 0.99798 0.985859 0.941414 0.854545 0.729293 0.561616 0.432323 0.313131 0.240404 0.187879 0.149495 0.121212 0.117172 0.121212 0.165657 0.274747 0.422222 0.589899 0.715152 0.838384 0.915152 0.963636 0.991919 0.99798 0.99798 0.99798 0.99798
0.99798 0.99798 0.993939 0.965657 0.907071 0.844444 0.709091 0.575758 0.432323 0.294949 0.230303 0.183838 0.167677 0.179798 0.262626 0.381818 0.50101 0.650505 0.777778 0.856566 0.933333 0.973737 0.991919 0.99596 0.99798 0.99798 0.99798 0.99798
0.99798 0.99798 0.99798 0.985859 0.963636 0.935354 0.892929 0.818182 0.771717 0.723232 0.674747 0.636364 0.620202 0.644444 0.709091 0.757576 0.838384 0.89697 0.947475 0.973737 0.983838 0.989899 0.993939 0.99596 0.99798 0.99798 0.99798 0.99798
0.99798 0.99798 0.99798 0.99596 0.991919 0.991919 0.979798 0.965657 0.957576 0.949495 0.953535 0.943434 0.945455 0.943434 0.959596 0.979798 0.985859 0.989899 0.987879 0.993939 0.993939 0.99596 0.99596 0.99798 0.99798 0.99798 0.99798 0.99798
0.99798 0.99798 0.99798 0.99798 0.99798 0.99798 0.99798 0.99798 0.99798 0.99798 0.99596 0.99596 0.993939 0.993939 0.993939 0.993939 0.99596 0.99596 0.99596 0.99596 0.99596 0.99596 0.99798 0.99798 0.99798 0.99798 0.99798 0.99798
0.99798 0.99798 0.99798 0.99798 0.99798 0.99798 0.99798 0.99798 0.99798 0.99798 0.99798 0.99798 0.99798 0.99798 0.99798 0.99798 0.99798 0.99798 0.99798 0.99798 0.99798 0.99798 0.99798 0.99798 0.99798 0.99798 0.99798 0.99798
0.106986
0.998138 0.998138 0.998138 0.998138 0.998138 0.998138 0.998138 0.998138 0.998138 0.998138 0.998138 0.998138 0.998138 0.998138 0.998138 0.998138 0.998138 0.998138 0.998138 0.998138 0.998138 0.998138 0.998138 0.998138 0.998138 0.998138 0.998138 0.998138
0.998138 0.998138 0.998138 0.998138 0.998138 0.998138 0.998138 0.998138 0.998138 0.998138 0.998138 0.998138 0.998138 0.998138 0.998138 0.998138 0.998138 0.998138 0.998138 0.998138 0.998138 0.998138 0.998138 0.998138 0.998138 0.998138 0.998138 0.998138
0.998138 0.998138 0.998138 0.998138 0.998138 0.998138 0.998138 0.998138 0.998138 0.998138 0.998138 0.998138 0.998138 0.998138 0.998138 0.996276 0.996276 0.996276 0.998138 0.998138 0.998138 0.998138 0.998138 0.998138 0.998138 0.998138 0.998138 0.998138
0.998138 0.998138 0.998138 0.998138 0.998138 0.998138 0.998138 0.998138 0.998138 0.998138 0.998138 0.996276 0.996276 0.996276 0.996276 0.994413 0.994413 0.994413 0.994413 0.994413 0.988827 0.990689 0.992551 0.998138 0.998138 0.998138 0.998138 0.998138
0.998138 0.998138 0.998138 0.998138 0.994413 0.992551 0.992551 0.985102 0.979516 0.977654 0.975791 0.975791 0.968343 0.972067 0.977654 0.970205 0.962756 0.942272 0.934823 0.921788 0.910615 0.942272 0.951583 0.977654 0.986965 0.998138 0.998138 0.998138
0.998138 0.998138 0.998138 0.998138 0.992551 0.985102 0.964618 0.944134 0.927374 0.897579 0.873371 0.869646 0.86406 0.880819 0.910615 0.916201 0.86406 0.83054 0.778399 0.756052 0.750466 0.804469 0.826816 0.882682 0.927374 0.990689 0.998138 0.998138
0.998138 0.998138 0.998138 0.994413 0.985102 0.964618 0.94041 0.90689 0.851024 0.795158 0.757914 0.731844 0.726257 0.782123 0.845438 0.854749 0.804469 0.728119 0.646182 0.599628 0.610801 0.679702 0.746741 0.836127 0.90689 0.975791 0.996276 0.998138
0.998138 0.998138 0.998138 0.992551 0.973929 0.955307 0.910615 0.860335 0.774674 0.67784 0.616387 0.60149 0.61825 0.700186 0.787709 0.810056 0.744879 0.646182 0.545624 0.49162 0.55121 0.620112 0.729981 0.852886 0.918063 0.973929 0.992551 0.998138
0.998138 0.998138 0.998138 0.990689 0.972067 0.94041 0.893855 0.810056 0.716946 0.597765 0.512104 0.504655 0.540037 0.664804 0.778399 0.795158 0.713222 0.581006 0.452514 0.426443 0.493482 0.605214 0.763501 0.854749 0.942272 0.985102 0.994413 0.998138
0.998138 0.998138 0.998138 0.988827 0.96648 0.931099 0.873371 0.769088 0.64432 0.504655 0.437616 0.441341 0.515829 0.679702 0.793296 0.800745 0.681564 0.487896 0.378026 0.357542 0.471136 0.651769 0.793296 0.893855 0.972067 0.985102 0.996276 0.998138
0.998138 0.998138 0.998138 0.988827 0.968343 0.921788 0.839851 0.72067 0.547486 0.405959 0.335196 0.405959 0.562384 0.743017 0.867784 0.806331 0.623836 0.405959 0.294227 0.320298 0.493482 0.703911 0.841713 0.938547 0.985102 0.994413 0.998138 0.998138
0.998138 0.998138 0.996276 0.985102 0.957169 0.910615 0.810056 0.605214 0.437616 0.283054 0.290503 0.456238 0.621974 0.819367 0.884544 0.776536 0.523277 0.307263 0.217877 0.327747 0.530726 0.759777 0.882682 0.959032 0.986965 0.998138 0.998138 0.998138
0.998138 0.996276 0.996276 0.986965 0.953445 0.880819 0.744879 0.515829 0.33892 0.212291 0.297952 0.499069 0.698324 0.834264 0.824953 0.700186 0.396648 0.214153 0.176909 0.340782 0.571695 0.79702 0.903166 0.960894 0.98324 0.996276 0.998138 0.998138
0.998138 0.996276 0.996276 0.988827 0.951583 0.856611 0.649907 0.422719 0.236499 0.148976 0.27933 0.461825 0.659218 0.692737 0.666667 0.499069 0.242086 0.126629 0.150838 0.33892 0.566108 0.769088 0.877095 0.938547 0.973929 0.996276 0.998138 0.998138
0.998138 0.996276 0.996276 0.98324 0.942272 0.79702 0.564246 0.35568 0.195531 0.130354 0.173184 0.296089 0.404097 0.433892 0.428305 0.275605 0.106145 0.0726257 0.150838 0.344507 0.55121 0.739292 0.832402 0.925512 0.96648 0.996276 0.998138 0.998138
0.998138 0.998138 0.996276 0.98324 0.944134 0.778399 0.540037 0.329609 0.208566 0.148976 0.132216 0.148976 0.180633 0.197393 0.171322 0.126629 0.0595903 0.0614525 0.180633 0.364991 0.599628 0.750466 0.849162 0.934823 0.975791 0.996276 0.996276 0.998138
0.998138 0.998138 0.998138 0.986965 0.944134 0.789572 0.579143 0.41527 0.292365 0.225326 0.191806 0.180633 0.201117 0.18622 0.156425 0.106145 0.0540037 0.0968343 0.242086 0.458101 0.674115 0.800745 0.897579 0.949721 0.977654 0.996276 0.996276 0.998138
0.998138 0.998138 0.998138 0.996276 0.973929 0.851024 0.722533 0.595903 0.506518 0.459963 0.446927 0.418994 0.420857 0.35568 0.275605 0.18622 0.13594 0.216015 0.402235 0.612663 0.761639 0.862197 0.94041 0.973929 0.98324 0.994413 0.996276 0.998138
0.998138 0.998138 0.998138 0.998138 0.986965 0.927374 0.86406 0.793296 0.757914 0.733706 0.716946 0.6946 0.625698 0.50838 0.385475 0.268156 0.275605 0.370577 0.60149 0.729981 0.845438 0.912477 0.960894 0.986965 0.996276 0.998138 0.996276 0.998138
0.998138 0.998138 0.998138 0.998138 0.996276 0.972067 0.936685 0.929236 0.92365 0.910615 0.893855 0.841713 0.705773 0.579143 0.446927 0.372439 0.379888 0.489758 0.664804 0.774674 0.875233 0.929236 0.968343 0.990689 0.996276 0.998138 0.998138 0.998138
0.998138 0.998138 0.998138 0.998138 0.996276 0.988827 0.977654 0.972067 0.960894 0.949721 0.916201 0.817505 0.711359 0.571695 0.480447 0.459963 0.459963 0.571695 0.700186 0.789572 0.877095 0.929236 0.964618 0.988827 0.996276 0.998138 0.998138 0.998138
0.998138 0.998138 0.998138 0.998138 0.998138 0.998138 0.994413 0.988827 0.975791 0.957169 0.891993 0.795158 0.681564 0.582868 0.540037 0.536313 0.527002 0.635009 0.728119 0.783985 0.871508 0.92365 0.960894 0.98324 0.994413 0.996276 0.998138 0.998138
0.998138 0.998138 0.998138 0.998138 0.998138 0.996276 0.996276 0.98324 0.973929 0.932961 0.851024 0.767225 0.664804 0.603352 0.586592 0.586592 0.595903 0.648045 0.733706 0.783985 0.875233 0.925512 0.959032 0.981378 0.992551 0.996276 0.998138 0.998138
0.998138 0.998138 0.998138 0.998138 0.998138 0.996276 0.990689 0.985102 0.960894 0.905028 0.841713 0.761639 0.689013 0.633147 0.642458 0.631285 0.655493 0.675978 0.746741 0.81378 0.875233 0.929236 0.96648 0.98324 0.992551 0.998138 0.998138 0.998138
0.998138 0.998138 0.998138 0.998138 0.998138 0.998138 0.992551 0.988827 0.968343 0.916201 0.871508 0.821229 0.785847 0.769088 0.748603 0.759777 0.77095 0.787709 0.834264 0.882682 0.927374 0.964618 0.979516 0.986965 0.994413 0.998138 0.998138 0.998138
0.998138 0.998138 0.998138 0.998138 0.998138 0.998138 0.998138 0.994413 0.988827 0.968343 0.964618 0.96648 0.960894 0.94041 0.916201 0.914339 0.929236 0.953445 0.972067 0.977654 0.981378 0.990689 0.994413 0.994413 0.996276 0.998138 0.998138 0.998138
0.998138 0.998138 0.998138 0.998138 0.998138 0.998138 0.998138 0.998138 0.996276 0.996276 0.998138 0.998138 0.998138 0.996276 0.998138 0.996276 0.994413 0.994413 0.994413 0.996276 0.998138 0.998138 0.998138 0.998138 0.998138 0.998138 0.998138 0.998138
0.998138 0.998138 0.998138 0.998138 0.998138 0.998138 0.998138 0.998138 0.998138 0.998138 0.998138 0.998138 0.998138 0.998138 0.998138 0.998138 0.998138 0.998138 0.998138 0.998138 0.998138 0.998138 0.998138 0.998138 0.998138 0.998138 0.998138 0.998138
0.0868263
0.997706 0.997706 0.997706 0.997706 0.997706 0.997706 0.997706 0.997706 0.997706 0.997706 0.997706 0.997706 0.997706 0.997706 0.997706 0.997706 0.997706 0.997706 0.997706 0.997706 0.997706 0.997706 0.997706 0.997706 0.997706 0.997706 0.997706 0.997706
0.997706 0.997706 0.997706 0.997706 0.997706 0.997706 0.997706 0.997706 0.997706 0.997706 0.997706 0.997706 0.997706 0.997706 0.997706 0.997706 0.997706 0.997706 0.997706 0.997706 0.997706 0.997706 0.997706 0.997706 0.997706 0.997706 0.997706 0.997706
0.997706 0.997706 0.997706 0.997706 0.997706 0.997706 0.997706 0.997706 0.997706 0.997706 0.997706 0.997706 0.997706 0.997706 0.997706 0.997706 0.997706 0.997706 0.997706 0.997706 0.997706 0.997706 0.997706 0.997706 0.997706 0.997706 0.997706 0.997706
0.997706 0.997706 0.997706 0.997706 0.997706 0.997706 0.997706 0.997706 0.997706 0.997706 0.997706 0.993119 0.988532 0.983945 0.979358 0.974771 0.977064 0.983945 0.988532 0.983945 0.983945 0.981651 0.981651 0.986239 0.990826 0.997706 0.997706 0.997706
0.997706 0.997706 0.997706 0.997706 0.997706 0.997706 0.997706 0.995413 0.983945 0.970183 0.954128 0.924312 0.91055 0.873853 0.857798 0.827982 0.816514 0.805046 0.807339 0.818807 0.827982 0.841743 0.873853 0.894495 0.944954 0.988532 0.997706 0.997706
0.997706 0.997706 0.997706 0.997706 0.997706 0.997706 0.988532 0.961009 0.933486 0.899083 0.850917 0.779817 0.713303 0.655963 0.605505 0.571101 0.550459 0.541284 0.555046 0.559633 0.603211 0.66055 0.722477 0.786697 0.855505 0.951835 0.990826 0.997706
0.997706 0.997706 0.997706 0.997706 0.997706 0.993119 0.970183 0.940367 0.880734 0.818807 0.727064 0.626147 0.573394 0.483945 0.431193 0.401376 0.389908 0.405963 0.408257 0.422018 0.454128 0.525229 0.619266 0.662844 0.740826 0.869266 0.977064 0.995413
0.997706 0.997706 0.997706 0.997706 0.997706 0.983945 0.961009 0.915138 0.837156 0.743119 0.635321 0.527523 0.417431 0.348624 0.327982 0.302752 0.31422 0.337156 0.383028 0.399083 0.426606 0.479358 0.557339 0.591743 0.676606 0.802752 0.956422 0.995413
0.997706 0.997706 0.997706 0.997706 0.995413 0.979358 0.956422 0.885321 0.779817 0.681193 0.568807 0.405963 0.337156 0.295872 0.300459 0.31422 0.364679 0.396789 0.422018 0.46789 0.5 0.545872 0.591743 0.655963 0.720183 0.823394 0.954128 0.993119
0.997706 0.997706 0.997706 0.997706 0.990826 0.979358 0.947248 0.855505 0.740826 0.603211 0.463303 0.350917 0.316514 0.31422 0.387615 0.483945 0.541284 0.56422 0.594037 0.626147 0.68578 0.733945 0.763761 0.784404 0.825688 0.894495 0.977064 0.995413
0.997706 0.997706 0.997706 0.997706 0.990826 0.981651 0.93578 0.830275 0.674312 0.509174 0.332569 0.275229 0.254587 0.321101 0.442661 0.548165 0.649083 0.699541 0.740826 0.805046 0.832569 0.876147 0.912844 0.931193 0.93578 0.963303 0.993119 0.997706
0.997706 0.997706 0.997706 0.997706 0.986239 0.979358 0.908257 0.788991 0.605505 0.412844 0.259174 0.199541 0.25 0.364679 0.470183 0.580275 0.651376 0.745413 0.821101 0.883028 0.931193 0.961009 0.977064 0.981651 0.981651 0.988532 0.995413 0.997706
0.997706 0.997706 0.997706 0.997706 0.988532 0.974771 0.883028 0.747706 0.536697 0.325688 0.21789 0.183486 0.238532 0.355505 0.458716 0.545872 0.614679 0.690367 0.759174 0.848624 0.905963 0.949541 0.981651 0.981651 0.995413 0.995413 0.997706 0.997706
0.997706 0.997706 0.997706 0.997706 0.988532 0.965596 0.885321 0.733945 0.516055 0.307339 0.208716 0.16055 0.238532 0.293578 0.385321 0.438073 0.511468 0.566514 0.658257 0.756881 0.83945 0.922018 0.96789 0.990826 0.993119 0.997706 0.997706 0.997706
0.997706 0.997706 0.997706 0.997706 0.990826 0.965596 0.887615 0.738532 0.559633 0.376147 0.291284 0.259174 0.28211 0.325688 0.364679 0.412844 0.428899 0.483945 0.552752 0.667431 0.770642 0.869266 0.951835 0.979358 0.990826 0.997706 0.997706 0.997706
0.997706 0.997706 0.997706 0.993119 0.986239 0.958716 0.90367 0.830275 0.681193 0.566514 0.486239 0.463303 0.458716 0.479358 0.479358 0.474771 0.46789 0.458716 0.520642 0.580275 0.713303 0.837156 0.922018 0.970183 0.990826 0.995413 0.997706 0.997706
0.997706 0.997706 0.997706 0.993119 0.970183 0.947248 0.91055 0.864679 0.811927 0.736239 0.690367 0.672018 0.672018 0.637615 0.598624 0.550459 0.5 0.447248 0.479358 0.559633 0.676606 0.793578 0.90367 0.958716 0.988532 0.995413 0.997706 0.997706
0.997706 0.997706 0.997706 0.993119 0.96789 0.908257 0.830275 0.827982 0.83945 0.855505 0.834862 0.834862 0.809633 0.747706 0.676606 0.575688 0.495413 0.458716 0.458716 0.541284 0.646789 0.775229 0.87844 0.942661 0.990826 0.995413 0.997706 0.997706
0.997706 0.997706 0.995413 0.995413 0.956422 0.841743 0.71789 0.692661 0.772936 0.825688 0.864679 0.87156 0.84633 0.756881 0.658257 0.56422 0.454128 0.433486 0.433486 0.545872 0.65367 0.777523 0.876147 0.938073 0.990826 0.995413 0.997706 0.997706
0.997706 0.997706 0.993119 0.990826 0.949541 0.805046 0.610092 0.53211 0.582569 0.646789 0.711009 0.727064 0.697248 0.630734 0.545872 0.477064 0.424312 0.399083 0.422018 0.548165 0.688073 0.791284 0.887615 0.947248 0.988532 0.995413 0.997706 0.997706
0.997706 0.997706 0.993119 0.990826 0.958716 0.802752 0.561927 0.442661 0.419725 0.456422 0.479358 0.513761 0.495413 0.447248 0.424312 0.376147 0.376147 0.394495 0.463303 0.600917 0.724771 0.832569 0.931193 0.954128 0.983945 0.997706 0.997706 0.997706
0.997706 0.997706 0.997706 0.995413 0.965596 0.834862 0.626147 0.440367 0.364679 0.305046 0.298165 0.298165 0.307339 0.309633 0.316514 0.316514 0.353211 0.40367 0.548165 0.669725 0.777523 0.883028 0.944954 0.96789 0.988532 0.997706 0.997706 0.997706
0.997706 0.997706 0.997706 0.997706 0.983945 0.915138 0.743119 0.58945 0.454128 0.327982 0.254587 0.252294 0.266055 0.266055 0.286697 0.34633 0.405963 0.53211 0.642202 0.78211 0.873853 0.933486 0.963303 0.979358 0.993119 0.997706 0.997706 0.997706
0.997706 0.997706 0.997706 0.997706 0.990826 0.972477 0.866972 0.761468 0.649083 0.513761 0.419725 0.369266 0.362385 0.385321 0.415138 0.479358 0.594037 0.692661 0.811927 0.880734 0.938073 0.963303 0.979358 0.990826 0.995413 0.997706 0.997706 0.997706
0.997706 0.997706 0.997706 0.997706 0.993119 0.990826 0.961009 0.924312 0.864679 0.800459 0.745413 0.704128 0.681193 0.68578 0.711009 0.772936 0.837156 0.883028 0.931193 0.963303 0.96789 0.981651 0.988532 0.995413 0.997706 0.997706 0.997706 0.997706
0.997706 0.997706 0.997706 0.997706 0.997706 0.995413 0.990826 0.977064 0.96789 0.944954 0.938073 0.93578 0.938073 0.944954 0.949541 0.970183 0.974771 0.981651 0.988532 0.995413 0.997706 0.997706 0.997706 0.997706 0.997706 0.997706 0.997706 0.997706
0.997706 0.997706 0.997706 0.997706 0.997706 0.997706 0.995413 0.995413 0.993119 0.993119 0.990826 0.990826 0.988532 0.990826 0.995413 0.995413 0.995413 0.995413 0.995413 0.997706 0.997706 0.997706 0.997706 0.997706 0.997706 0.997706 0.997706 0.997706
0.997706 0.997706 0.997706 0.997706 0.997706 0.997706 0.997706 0.997706 0.997706 0.997706 0.997706 0.997706 0.997706 0.997706 0.997706 0.997706 0.997706 0.997706 0.997706 0.997706 0.997706 0.997706 0.997706 0.997706 0.997706 0.997706 0.997706 0.997706
0.1002
0.998012 0.998012 0.998012 0.998012 0.998012 0.998012 0.998012 0.998012 0.998012 0.998012 0.998012 0.998012 0.998012 0.998012 0.998012 0.998012 0.998012 0.998012 0.998012 0.998012 0.998012 0.998012 0.998012 0.998012 0.998012 0.998012 0.998012 0.998012
0.998012 0.998012 0.998012 0.998012 0.998012 0.998012 0.998012 0.996024 0.994036 0.994036 0.99006 0.992048 0.99006 0.99006 0.988072 0.984095 0.988072 0.99006 0.992048 0.992048 0.992048 0.994036 0.996024 0.998012 0.998012 0.998012 0.998012 0.998012
0.998012 0.998012 0.998012 0.998012 0.996024 0.998012 0.996024 0.992048 0.99006 0.984095 0.966203 0.956262 0.942346 0.894632 0.848907 0.791252 0.73161 0.729622 0.779324 0.848907 0.914513 0.960239 0.984095 0.996024 0.998012 0.998012 0.998012 0.998012
0.998012 0.998012 0.998012 0.998012 0.998012 0.996024 0.992048 0.992048 0.986083 0.966203 0.944334 0.908549 0.862823 0.779324 0.648111 0.522863 0.449304 0.439364 0.544732 0.673956 0.819085 0.924453 0.966203 0.988072 0.996024 0.998012 0.998012 0.998012
0.998012 0.998012 0.998012 0.998012 0.998012 0.992048 0.992048 0.988072 0.976143 0.946322 0.902584 0.84493 0.7833 0.654076 0.493042 0.393638 0.326044 0.365805 0.512922 0.67992 0.813121 0.914513 0.968191 0.980119 0.994036 0.998012 0.998012 0.998012
0.998012 0.998012 0.998012 0.998012 0.998012 0.992048 0.99006 0.984095 0.968191 0.912525 0.868787 0.7833 0.66004 0.518887 0.387674 0.312127 0.332008 0.449304 0.612326 0.747515 0.860835 0.950298 0.972167 0.982107 0.994036 0.996024 0.996024 0.998012
0.998012 0.998012 0.996024 0.998012 0.998012 0.996024 0.986083 0.974155 0.940358 0.890656 0.811133 0.691849 0.544732 0.395626 0.298211 0.314115 0.421471 0.604374 0.741551 0.862823 0.942346 0.968191 0.984095 0.99006 0.994036 0.996024 0.996024 0.996024
0.998012 0.998012 0.998012 0.998012 0.998012 0.994036 0.986083 0.966203 0.924453 0.836978 0.737575 0.596421 0.431412 0.312127 0.298211 0.411531 0.570577 0.733598 0.858847 0.936382 0.972167 0.984095 0.986083 0.992048 0.994036 0.996024 0.996024 0.996024
0.998012 0.998012 0.998012 0.998012 0.998012 0.99006 0.982107 0.952286 0.884692 0.775348 0.650099 0.465209 0.337972 0.282306 0.361829 0.526839 0.705765 0.836978 0.940358 0.964215 0.980119 0.984095 0.984095 0.988072 0.996024 0.998012 0.996024 0.998012
0.998012 0.998012 0.998012 0.998012 0.998012 0.988072 0.966203 0.922465 0.831014 0.707753 0.544732 0.355865 0.294235 0.306163 0.479125 0.654076 0.817097 0.934394 0.962227 0.968191 0.964215 0.970179 0.980119 0.986083 0.996024 0.998012 0.998012 0.998012
0.998012 0.998012 0.998012 0.998012 0.998012 0.99006 0.944334 0.898608 0.775348 0.60835 0.425447 0.280318 0.27833 0.385686 0.582505 0.77336 0.884692 0.926441 0.916501 0.898608 0.900596 0.928429 0.94831 0.970179 0.988072 0.996024 0.998012 0.998012
0.998012 0.998012 0.998012 0.998012 0.998012 0.976143 0.93837 0.864811 0.723658 0.532803 0.33002 0.260437 0.312127 0.469185 0.681909 0.817097 0.83499 0.769384 0.729622 0.725646 0.767396 0.823062 0.900596 0.934394 0.960239 0.994036 0.998012 0.998012
0.998012 0.998012 0.998012 0.998012 0.996024 0.972167 0.914513 0.821074 0.650099 0.421471 0.258449 0.238569 0.361829 0.548708 0.66998 0.677932 0.582505 0.520875 0.502982 0.528827 0.596421 0.703777 0.807157 0.894632 0.940358 0.980119 0.998012 0.998012
0.998012 0.998012 0.998012 0.998012 0.994036 0.968191 0.888668 0.785288 0.544732 0.341948 0.228628 0.246521 0.409543 0.534791 0.544732 0.44334 0.347913 0.32008 0.345924 0.397614 0.461233 0.572565 0.747515 0.84493 0.916501 0.970179 0.998012 0.998012
0.998012 0.998012 0.998012 0.998012 0.994036 0.95825 0.862823 0.715706 0.471173 0.274354 0.208748 0.284294 0.4334 0.44334 0.33996 0.224652 0.178926 0.224652 0.300199 0.359841 0.407555 0.512922 0.685885 0.827038 0.920477 0.972167 0.998012 0.998012
0.998012 0.998012 0.998012 0.998012 0.996024 0.960239 0.842942 0.662028 0.405567 0.238569 0.208748 0.306163 0.39165 0.343936 0.266402 0.204771 0.244533 0.292247 0.324056 0.345924 0.38171 0.467197 0.666004 0.803181 0.914513 0.976143 0.998012 0.998012
0.998012 0.998012 0.998012 0.998012 0.996024 0.950298 0.840954 0.650099 0.367793 0.206759 0.178926 0.27833 0.343936 0.284294 0.252485 0.290258 0.365805 0.39165 0.365805 0.302187 0.333996 0.481113 0.675944 0.831014 0.918489 0.974155 0.998012 0.998012
0.998012 0.998012 0.998012 0.998012 0.996024 0.95825 0.842942 0.630219 0.367793 0.196819 0.147117 0.232604 0.274354 0.286282 0.328032 0.425447 0.4334 0.397614 0.290258 0.240557 0.335984 0.49503 0.723658 0.872763 0.932406 0.980119 0.996024 0.998012
0.998012 0.998012 0.998012 0.998012 0.996024 0.976143 0.874751 0.66004 0.411531 0.188867 0.115308 0.145129 0.17495 0.266402 0.337972 0.359841 0.314115 0.236581 0.198807 0.242545 0.387674 0.632207 0.793241 0.902584 0.950298 0.988072 0.996024 0.998012
0.998012 0.998012 0.998012 0.998012 0.996024 0.986083 0.914513 0.739563 0.500994 0.266402 0.119284 0.0735586 0.117296 0.166998 0.176938 0.196819 0.147117 0.139165 0.184891 0.33002 0.564612 0.73161 0.890656 0.936382 0.978131 0.996024 0.998012 0.998012
0.998012 0.998012 0.998012 0.998012 0.996024 0.988072 0.94831 0.83499 0.652087 0.421471 0.208748 0.0934394 0.0576541 0.0616302 0.0695825 0.0914513 0.125249 0.190855 0.347913 0.552684 0.729622 0.874751 0.940358 0.974155 0.992048 0.996024 0.998012 0.998012
0.998012 0.998012 0.998012 0.998012 0.998012 0.994036 0.980119 0.920477 0.827038 0.652087 0.437376 0.252485 0.143141 0.127237 0.131213 0.194831 0.280318 0.447316 0.626243 0.787276 0.884692 0.954274 0.978131 0.994036 0.998012 0.998012 0.998012 0.998012
0.998012 0.998012 0.998012 0.998012 0.998012 0.998012 0.994036 0.970179 0.954274 0.898608 0.805169 0.719682 0.648111 0.610338 0.626243 0.666004 0.729622 0.815109 0.88668 0.93837 0.978131 0.99006 0.996024 0.998012 0.998012 0.998012 0.998012 0.998012
0.998012 0.998012 0.998012 0.998012 0.998012 0.998012 0.998012 0.994036 0.99006 0.988072 0.982107 0.976143 0.964215 0.95825 0.95825 0.962227 0.970179 0.982107 0.988072 0.99006 0.994036 0.998012 0.998012 0.998012 0.998012 0.998012 0.998012 0.998012
0.998012 0.998012 0.998012 0.998012 0.998012 0.998012 0.998012 0.998012 0.998012 0.998012 0.998012 0.998012 0.998012 0.998012 0.998012 0.998012 0.998012 0.998012 0.998012 0.998012 0.998012 0.998012 0.998012 0.998012 0.998012 0.998012 0.998012 0.998012
0.998012 0.998012 0.998012 0.998012 0.998012 0.998012 0.998012 0.998012 0.998012 0.998012 0.998012 0.998012 0.998012 0.998012 0.998012 0.998012 0.998012 0.998012 0.998012 0.998012 0.998012 0.998012 0.998012 0.998012 0.998012 0.998012 0.998012 0.998012
0.998012 0.998012 0.998012 0.998012 0.998012 0.998012 0.998012 0.998012 0.998012 0.998012 0.998012 0.998012 0.998012 0.998012 0.998012 0.998012 0.998012 0.998012 0.998012 0.998012 0.998012 0.998012 0.998012 0.998012 0.998012 0.998012 0.998012 0.998012
0.998012 0.998012 0.998012 0.998012 0.998012 0.998012 0.998012 0.998012 0.998012 0.998012 0.998012 0.998012 0.998012 0.998012 0.998012 0.998012 0.998012 0.998012 0.998012 0.998012 0.998012 0.998012 0.998012 0.998012 0.998012 0.998012 0.998012 0.998012
0.10998
0.998188 0.998188 0.998188 0.998188 0.998188 0.998188 0.998188 0.998188 0.998188 0.998188 0.998188 0.998188 0.998188 0.998188 0.998188 0.998188 0.998188 0.998188 0.998188 0.998188 0.998188 0.998188 0.998188 0.998188 0.998188 0.998188 0.998188 0.998188
0.998188 0.998188 0.998188 0.998188 0.998188 0.998188 0.998188 0.998188 0.998188 0.998188 0.998188 0.998188 0.998188 0.998188 0.998188 0.998188 0.998188 0.998188 0.998188 0.998188 0.998188 0.998188 0.998188 0.998188 0.998188 0.998188 0.998188 0.998188
0.998188 0.998188 0.998188 0.998188 0.998188 0.998188 0.998188 0.998188 0.998188 0.998188 0.998188 0.998188 0.998188 0.998188 0.998188 0.998188 0.998188 0.998188 0.998188 0.998188 0.998188 0.998188 0.998188 0.998188 0.998188 0.998188 0.998188 0.998188
0.998188 0.998188 0.998188 0.998188 0.998188 0.998188 0.998188 0.998188 0.998188 0.998188 0.998188 0.998188 0.998188 0.998188 0.998188 0.998188 0.998188 0.998188 0.998188 0.998188 0.998188 0.998188 0.998188 0.998188 0.998188 0.998188 0.998188 0.998188
0.998188 0.998188 0.998188 0.998188 0.998188 0.998188 0.998188 0.998188 0.998188 0.998188 0.998188 0.996377 0.996377 0.996377 0.996377 0.996377 0.998188 0.998188 0.998188 0.998188 0.998188 0.998188 0.998188 0.998188 0.998188 0.998188 0.998188 0.998188
0.998188 0.998188 0.998188 0.998188 0.998188 0.996377 0.996377 0.990942 0.98913 0.987319 0.983696 0.983696 0.981884 0.983696 0.981884 0.983696 0.985507 0.992754 0.996377 0.998188 0.998188 0.996377 0.996377 0.998188 0.998188 0.998188 0.998188 0.998188
0.998188 0.998188 0.998188 0.998188 0.990942 0.978261 0.960145 0.940217 0.925725 0.913043 0.878623 0.875 0.853261 0.835145 0.82971 0.833333 0.84058 0.862319 0.882246 0.925725 0.95471 0.971014 0.976449 0.98913 0.998188 0.998188 0.998188 0.998188
0.996377 0.996377 0.994565 0.981884 0.949275 0.90942 0.831522 0.777174 0.695652 0.59058 0.539855 0.478261 0.436594 0.405797 0.384058 0.38587 0.373188 0.400362 0.449275 0.54529 0.686594 0.807971 0.90942 0.969203 0.992754 0.998188 0.998188 0.998188
0.996377 0.994565 0.981884 0.949275 0.882246 0.791667 0.681159 0.548913 0.425725 0.338768 0.25 0.202899 0.17029 0.163043 0.152174 0.132246 0.144928 0.17029 0.195652 0.309783 0.496377 0.648551 0.831522 0.934783 0.98913 0.998188 0.998188 0.998188
0.996377 0.98913 0.971014 0.931159 0.844203 0.719203 0.606884 0.442029 0.311594 0.213768 0.15942 0.134058 0.130435 0.134058 0.144928 0.123188 0.0851449 0.0869565 0.126812 0.233696 0.396739 0.596014 0.798913 0.922101 0.987319 0.998188 0.998188 0.998188
0.998188 0.990942 0.971014 0.923913 0.826087 0.721014 0.606884 0.460145 0.349638 0.28442 0.255435 0.288043 0.342391 0.375 0.398551 0.355072 0.26087 0.148551 0.130435 0.222826 0.396739 0.610507 0.824275 0.938406 0.987319 0.998188 0.998188 0.998188
0.998188 0.992754 0.978261 0.931159 0.858696 0.802536 0.693841 0.561594 0.487319 0.458333 0.507246 0.572464 0.634058 0.675725 0.701087 0.57971 0.382246 0.222826 0.148551 0.244565 0.429348 0.661232 0.849638 0.947464 0.990942 0.998188 0.998188 0.998188
0.998188 0.996377 0.981884 0.947464 0.898551 0.851449 0.755435 0.686594 0.63587 0.634058 0.679348 0.759058 0.822464 0.846014 0.813406 0.664855 0.42029 0.208333 0.164855 0.313406 0.494565 0.726449 0.887681 0.961957 0.994565 0.998188 0.998188 0.998188
0.998188 0.996377 0.992754 0.967391 0.934783 0.903986 0.842391 0.786232 0.764493 0.759058 0.807971 0.867754 0.905797 0.914855 0.833333 0.610507 0.336957 0.179348 0.188406 0.353261 0.601449 0.793478 0.916667 0.978261 0.994565 0.996377 0.998188 0.998188
0.998188 0.998188 0.996377 0.985507 0.952899 0.927536 0.88587 0.844203 0.82971 0.855072 0.893116 0.916667 0.922101 0.898551 0.771739 0.481884 0.240942 0.172101 0.211957 0.449275 0.695652 0.84058 0.927536 0.969203 0.98913 0.992754 0.998188 0.998188
0.998188 0.998188 0.998188 0.992754 0.963768 0.942029 0.922101 0.884058 0.889493 0.894928 0.900362 0.903986 0.891304 0.827899 0.594203 0.338768 0.168478 0.143116 0.286232 0.556159 0.730072 0.871377 0.927536 0.96558 0.987319 0.992754 0.998188 0.998188
0.998188 0.998188 0.998188 0.994565 0.976449 0.952899 0.934783 0.918478 0.900362 0.900362 0.898551 0.880435 0.853261 0.710145 0.431159 0.244565 0.144928 0.188406 0.40942 0.628623 0.797101 0.900362 0.951087 0.972826 0.990942 0.996377 0.998188 0.998188
0.998188 0.998188 0.998188 0.994565 0.981884 0.969203 0.961957 0.938406 0.925725 0.923913 0.905797 0.862319 0.778986 0.550725 0.324275 0.168478 0.157609 0.331522 0.565217 0.740942 0.871377 0.943841 0.96558 0.981884 0.98913 0.994565 0.998188 0.998188
0.998188 0.998188 0.994565 0.994565 0.990942 0.990942 0.981884 0.971014 0.952899 0.947464 0.916667 0.847826 0.677536 0.456522 0.257246 0.182971 0.26087 0.494565 0.672101 0.836957 0.918478 0.963768 0.983696 0.990942 0.994565 0.998188 0.998188 0.998188
0.998188 0.998188 0.994565 0.996377 0.996377 0.996377 0.994565 0.987319 0.981884 0.963768 0.905797 0.780797 0.563406 0.376812 0.237319 0.228261 0.396739 0.623188 0.766304 0.911232 0.945652 0.974638 0.990942 0.996377 0.996377 0.998188 0.998188 0.998188
0.998188 0.998188 0.998188 0.998188 0.998188 0.998188 0.994565 0.987319 0.980072 0.931159 0.833333 0.650362 0.476449 0.320652 0.26087 0.353261 0.516304 0.701087 0.84058 0.934783 0.960145 0.981884 0.992754 0.998188 0.998188 0.998188 0.998188 0.998188
0.998188 0.998188 0.998188 0.998188 0.998188 0.994565 0.990942 0.980072 0.943841 0.860507 0.73913 0.556159 0.432971 0.322464 0.360507 0.472826 0.599638 0.755435 0.884058 0.951087 0.967391 0.985507 0.996377 0.998188 0.998188 0.998188 0.998188 0.998188
0.998188 0.998188 0.998188 0.998188 0.996377 0.992754 0.985507 0.960145 0.893116 0.788043 0.625 0.525362 0.42029 0.38587 0.443841 0.539855 0.668478 0.802536 0.903986 0.958333 0.969203 0.983696 0.992754 0.998188 0.998188 0.998188 0.998188 0.998188
0.998188 0.998188 0.998188 0.998188 0.994565 0.983696 0.971014 0.90942 0.82971 0.710145 0.596014 0.505435 0.449275 0.481884 0.528986 0.599638 0.70471 0.84058 0.916667 0.961957 0.971014 0.987319 0.994565 0.998188 0.998188 0.998188 0.998188 0.998188
0.998188 0.998188 0.998188 0.998188 0.992754 0.978261 0.947464 0.873188 0.771739 0.657609 0.577899 0.543478 0.509058 0.565217 0.586957 0.661232 0.735507 0.84058 0.916667 0.963768 0.972826 0.985507 0.992754 0.998188 0.998188 0.998188 0.998188 0.998188
0.998188 0.998188 0.998188 0.998188 0.996377 0.974638 0.929348 0.849638 0.76087 0.673913 0.626812 0.596014 0.61413 0.639493 0.643116 0.71558 0.773551 0.851449 0.923913 0.96558 0.976449 0.985507 0.990942 0.996377 0.998188 0.998188 0.998188 0.998188
0.998188 0.998188 0.998188 0.998188 0.996377 0.987319 0.949275 0.898551 0.838768 0.802536 0.764493 0.742754 0.768116 0.788043 0.793478 0.806159 0.867754 0.902174 0.943841 0.969203 0.980072 0.987319 0.992754 0.996377 0.998188 0.998188 0.998188 0.998188
0.998188 0.998188 0.998188 0.998188 0.998188 0.996377 0.992754 0.98913 0.985507 0.983696 0.974638 0.963768 0.952899 0.951087 0.95471 0.963768 0.971014 0.974638 0.985507 0.992754 0.996377 0.994565 0.994565 0.998188 0.998188 0.998188 0.998188 0.998188
0.0924152
0.997845 0.997845 0.997845 0.997845 0.997845 0.997845 0.997845 0.997845 0.997845 0.997845 0.997845 0.997845 0.997845 0.997845 0.997845 0.997845 0.997845 0.997845 0.997845 0.997845 0.997845 0.997845 0.997845 0.997845 0.997845 0.997845 0.997845 0.997845
0.997845 0.997845 0.997845 0.997845 0.997845 0.997845 0.997845 0.997845 0.997845 0.997845 0.997845 0.997845 0.997845 0.997845 0.997845 0.997845 0.997845 0.997845 0.997845 0.997845 0.997845 0.997845 0.997845 0.997845 0.997845 0.997845 0.997845 0.997845
0.997845 0.997845 0.997845 0.997845 0.997845 0.997845 0.997845 0.997845 0.997845 0.997845 0.997845 0.997845 0.997845 0.997845 0.997845 0.997845 0.997845 0.997845 0.997845 0.997845 0.997845 0.997845 0.997845 0.997845 0.997845 0.997845 0.997845 0.997845
0.997845 0.997845 0.997845 0.997845 0.997845 0.997845 0.997845 0.997845 0.997845 0.997845 0.99569 0.99569 0.993534 0.991379 0.991379 0.989224 0.987069 0.989224 0.989224 0.993534 0.99569 0.997845 0.997845 0.997845 0.997845 0.997845 0.997845 0.997845
0.997845 0.997845 0.997845 0.997845 0.997845 0.99569 0.997845 0.99569 0.993534 0.989224 0.980603 0.954741 0.915948 0.877155 0.827586 0.784483 0.769397 0.773707 0.810345 0.862069 0.907328 0.954741 0.980603 0.989224 0.99569 0.997845 0.997845 0.997845
0.997845 0.997845 0.997845 0.997845 0.997845 0.997845 0.99569 0.991379 0.978448 0.922414 0.840517 0.700431 0.588362 0.446121 0.321121 0.232759 0.202586 0.258621 0.359914 0.50431 0.653017 0.771552 0.87931 0.94181 0.971983 0.991379 0.993534 0.997845
0.997845 0.997845 0.997845 0.997845 0.99569 0.997845 0.987069 0.963362 0.890086 0.769397 0.625 0.459052 0.318966 0.181034 0.116379 0.112069 0.112069 0.150862 0.215517 0.340517 0.482759 0.627155 0.769397 0.877155 0.939655 0.982759 0.989224 0.993534
0.997845 0.997845 0.997845 0.997845 0.99569 0.989224 0.969828 0.894397 0.782328 0.618534 0.469828 0.321121 0.243534 0.174569 0.174569 0.193966 0.226293 0.237069 0.25431 0.321121 0.426724 0.551724 0.685345 0.814655 0.911638 0.974138 0.987069 0.993534
0.997845 0.997845 0.997845 0.997845 0.993534 0.974138 0.928879 0.846983 0.706897 0.519397 0.364224 0.282328 0.252155 0.310345 0.390086 0.456897 0.467672 0.43319 0.366379 0.366379 0.413793 0.497845 0.603448 0.773707 0.885776 0.965517 0.987069 0.99569
0.997845 0.997845 0.997845 0.997845 0.984914 0.961207 0.900862 0.825431 0.674569 0.493534 0.346983 0.31681 0.355603 0.469828 0.577586 0.665948 0.605603 0.493534 0.372845 0.329741 0.355603 0.474138 0.616379 0.758621 0.881466 0.963362 0.99569 0.997845
0.997845 0.997845 0.997845 0.997845 0.984914 0.950431 0.907328 0.799569 0.700431 0.506466 0.364224 0.323276 0.377155 0.525862 0.631466 0.665948 0.55819 0.431034 0.297414 0.288793 0.336207 0.510776 0.696121 0.81681 0.920259 0.984914 0.99569 0.997845
0.997845 0.997845 0.997845 0.997845 0.984914 0.950431 0.905172 0.810345 0.711207 0.56681 0.398707 0.321121 0.334052 0.426724 0.56681 0.530172 0.400862 0.260776 0.237069 0.306034 0.452586 0.635776 0.797414 0.905172 0.967672 0.987069 0.99569 0.99569
0.997845 0.997845 0.997845 0.997845 0.987069 0.961207 0.913793 0.853448 0.752155 0.603448 0.459052 0.310345 0.262931 0.314655 0.377155 0.295259 0.204741 0.178879 0.297414 0.448276 0.62069 0.793103 0.896552 0.961207 0.974138 0.991379 0.99569 0.99569
0.997845 0.997845 0.997845 0.997845 0.989224 0.971983 0.939655 0.87931 0.797414 0.678879 0.534483 0.3125 0.165948 0.146552 0.163793 0.135776 0.0991379 0.209052 0.44181 0.644397 0.801724 0.894397 0.939655 0.969828 0.982759 0.991379 0.997845 0.997845
0.997845 0.997845 0.997845 0.997845 0.997845 0.980603 0.959052 0.913793 0.842672 0.74569 0.56681 0.31681 0.118534 0.0775862 0.0625 0.0517241 0.107759 0.323276 0.577586 0.784483 0.885776 0.9375 0.965517 0.978448 0.987069 0.99569 0.997845 0.997845
0.997845 0.997845 0.997845 0.997845 0.997845 0.989224 0.969828 0.94181 0.883621 0.74569 0.528017 0.256466 0.103448 0.0517241 0.0668103 0.0840517 0.215517 0.448276 0.655172 0.823276 0.892241 0.946121 0.974138 0.976293 0.987069 0.997845 0.997845 0.997845
0.997845 0.997845 0.997845 0.997845 0.99569 0.984914 0.967672 0.93319 0.846983 0.635776 0.396552 0.189655 0.12069 0.112069 0.163793 0.196121 0.288793 0.471983 0.642241 0.790948 0.881466 0.926724 0.967672 0.978448 0.987069 0.997845 0.997845 0.997845
0.997845 0.997845 0.997845 0.997845 0.993534 0.982759 0.952586 0.857759 0.719828 0.484914 0.25431 0.170259 0.217672 0.290948 0.314655 0.338362 0.359914 0.467672 0.627155 0.752155 0.857759 0.911638 0.943966 0.969828 0.987069 0.997845 0.997845 0.997845
0.997845 0.997845 0.997845 0.997845 0.993534 0.967672 0.905172 0.760776 0.584052 0.353448 0.243534 0.241379 0.349138 0.448276 0.476293 0.409483 0.415948 0.474138 0.605603 0.734914 0.8125 0.890086 0.93319 0.965517 0.987069 0.997845 0.997845 0.997845
0.997845 0.997845 0.997845 0.997845 0.993534 0.94181 0.857759 0.678879 0.502155 0.318966 0.260776 0.37069 0.508621 0.545259 0.528017 0.461207 0.44181 0.487069 0.56681 0.693966 0.810345 0.881466 0.9375 0.967672 0.989224 0.997845 0.997845 0.997845
0.997845 0.997845 0.997845 0.997845 0.991379 0.926724 0.793103 0.627155 0.44181 0.280172 0.334052 0.415948 0.515086 0.515086 0.465517 0.454741 0.428879 0.446121 0.543103 0.676724 0.806034 0.881466 0.946121 0.971983 0.991379 0.997845 0.997845 0.997845
0.997845 0.997845 0.997845 0.997845 0.989224 0.913793 0.793103 0.618534 0.43319 0.323276 0.290948 0.310345 0.334052 0.323276 0.31681 0.355603 0.387931 0.459052 0.579741 0.696121 0.825431 0.905172 0.950431 0.976293 0.993534 0.997845 0.997845 0.997845
0.997845 0.997845 0.997845 0.997845 0.993534 0.924569 0.81681 0.650862 0.487069 0.338362 0.198276 0.150862 0.122845 0.146552 0.206897 0.295259 0.409483 0.50431 0.618534 0.75431 0.866379 0.939655 0.956897 0.984914 0.993534 0.997845 0.997845 0.997845
0.997845 0.997845 0.997845 0.997845 0.997845 0.950431 0.864224 0.743534 0.596983 0.448276 0.295259 0.174569 0.127155 0.146552 0.252155 0.383621 0.506466 0.607759 0.741379 0.846983 0.935345 0.965517 0.976293 0.993534 0.99569 0.997845 0.997845 0.997845
0.997845 0.997845 0.997845 0.997845 0.997845 0.982759 0.935345 0.87931 0.795259 0.706897 0.603448 0.523707 0.480603 0.493534 0.560345 0.642241 0.724138 0.793103 0.875 0.931034 0.963362 0.976293 0.993534 0.997845 0.997845 0.997845 0.997845 0.997845
0.997845 0.997845 0.997845 0.997845 0.997845 0.997845 0.997845 0.991379 0.989224 0.984914 0.978448 0.967672 0.956897 0.950431 0.950431 0.961207 0.971983 0.982759 0.984914 0.987069 0.993534 0.997845 0.997845 0.997845 0.997845 0.997845 0.997845 0.997845
0.997845 0.997845 0.997845 0.997845 0.997845 0.997845 0.997845 0.997845 0.997845 0.997845 0.997845 0.997845 0.997845 0.997845 0.997845 0.997845 0.997845 0.997845 0.997845 0.997845 0.997845 0.99569 0.99569 0.99569 0.997845 0.997845 0.997845 0.997845
0.997845 0.997845 0.997845 0.997845 0.997845 0.997845 0.997845 0.997845 0.997845 0.997845 0.997845 0.997845 0.997845 0.997845 0.997845 0.997845 0.997845 0.997845 0.997845 0.997845 0.997845 0.997845 0.997845 0.997845 0.997845 0.997845 0.997845 0.997845
0.099002
0.997988 0.997988 0.997988 0.997988 0.997988 0.997988 0.997988 0.997988 0.997988 0.997988 0.997988 0.997988 0.997988 0.997988 0.997988 0.997988 0.997988 0.997988 0.997988 0.997988 0.997988 0.997988 0.997988 0.997988 0.997988 0.997988 0.997988 0.997988
0.997988 0.997988 0.997988 0.997988 0.997988 0.997988 0.997988 0.997988 0.997988 0.997988 0.997988 0.997988 0.997988 0.997988 0.997988 0.997988 0.997988 0.997988 0.997988 0.997988 0.997988 0.997988 0.997988 0.997988 0.997988 0.997988 0.997988 0.997988
0.997988 0.997988 0.997988 0.997988 0.997988 0.997988 0.997988 0.997988 0.997988 0.997988 0.997988 0.997988 0.997988 0.997988 0.997988 0.997988 0.997988 0.997988 0.997988 0.997988 0.997988 0.997988 0.997988 0.997988 0.997988 0.997988 0.997988 0.997988
0.997988 0.997988 0.997988 0.997988 0.997988 0.997988 0.997988 0.997988 0.997988 0.997988 0.997988 0.997988 0.997988 0.997988 0.997988 0.997988 0.997988 0.997988 0.997988 0.997988 0.997988 0.997988 0.997988 0.997988 0.997988 0.997988 0.997988 0.997988
0.997988 0.997988 0.997988 0.997988 0.997988 0.997988 0.997988 0.997988 0.997988 0.997988 0.995976 0.993964 0.991952 0.991952 0.991952 0.991952 0.991952 0.995976 0.997988 0.997988 0.997988 0.997988 0.997988 0.997988 0.997988 0.997988 0.997988 0.997988
0.997988 0.997988 0.997988 0.997988 0.997988 0.997988 0.997988 0.997988 0.997988 0.995976 0.987928 0.971831 0.959759 0.957746 0.947686 0.939638 0.95171 0.957746 0.973843 0.983903 0.985915 0.995976 0.997988 0.997988 0.997988 0.997988 0.997988 0.997988
0.997988 0.997988 0.997988 0.997988 0.997988 0.997988 0.993964 0.98994 0.977867 0.937626 0.879276 0.806841 0.655936 0.513078 0.420523 0.38833 0.412475 0.503018 0.625755 0.740443 0.849095 0.937626 0.991952 0.995976 0.997988 0.997988 0.997988 0.997988
0.997988 0.997988 0.997988 0.997988 0.997988 0.993964 0.985915 0.959759 0.913481 0.814889 0.676056 0.480885 0.261569 0.138833 0.0583501 0.0623742 0.0885312 0.171026 0.342052 0.523139 0.700201 0.859155 0.957746 0.981891 0.993964 0.997988 0.997988 0.997988
0.997988 0.997988 0.997988 0.997988 0.993964 0.985915 0.95171 0.89336 0.812877 0.641851 0.410463 0.183099 0.0885312 0.0865191 0.112676 0.16499 0.171026 0.16499 0.245473 0.396378 0.60161 0.788732 0.915493 0.977867 0.993964 0.997988 0.997988 0.997988
0.997988 0.997988 0.997988 0.997988 0.98994 0.959759 0.911469 0.822938 0.665996 0.424547 0.199195 0.128773 0.16499 0.317907 0.414487 0.472837 0.400402 0.301811 0.265594 0.352113 0.557344 0.770624 0.899396 0.967807 0.995976 0.997988 0.997988 0.997988
0.997988 0.997988 0.997988 0.997988 0.983903 0.929577 0.877264 0.736419 0.531187 0.237425 0.185111 0.211268 0.39839 0.619718 0.7666 0.720322 0.557344 0.334004 0.247485 0.287726 0.511066 0.750503 0.885312 0.967807 0.991952 0.997988 0.997988 0.997988
0.997988 0.997988 0.997988 0.997988 0.973843 0.907445 0.830986 0.645875 0.404427 0.21328 0.237425 0.380282 0.655936 0.826962 0.83501 0.696177 0.452716 0.227364 0.17505 0.277666 0.513078 0.754527 0.905433 0.981891 0.993964 0.995976 0.997988 0.997988
0.997988 0.997988 0.997988 0.993964 0.967807 0.899396 0.784708 0.55332 0.358149 0.227364 0.277666 0.549296 0.714286 0.778672 0.684105 0.486922 0.255533 0.118712 0.15493 0.287726 0.569416 0.794769 0.949698 0.987928 0.995976 0.995976 0.997988 0.997988
0.997988 0.997988 0.997988 0.98994 0.961771 0.899396 0.77666 0.523139 0.348089 0.243461 0.31992 0.509054 0.591549 0.529175 0.428571 0.259557 0.136821 0.0663984 0.158954 0.376258 0.661972 0.873239 0.955734 0.993964 0.995976 0.995976 0.995976 0.997988
0.997988 0.997988 0.997988 0.98994 0.965795 0.901408 0.792757 0.573441 0.38833 0.291751 0.291751 0.362173 0.364185 0.336016 0.249497 0.158954 0.0764588 0.0583501 0.21328 0.496982 0.770624 0.903421 0.963783 0.991952 0.997988 0.995976 0.995976 0.997988
0.997988 0.997988 0.997988 0.991952 0.973843 0.911469 0.830986 0.651911 0.468813 0.376258 0.321932 0.311871 0.305835 0.291751 0.227364 0.134809 0.0744467 0.102616 0.31992 0.62173 0.830986 0.939638 0.969819 0.993964 0.997988 0.995976 0.993964 0.997988
0.997988 0.997988 0.997988 0.993964 0.983903 0.947686 0.875252 0.7666 0.617706 0.507042 0.420523 0.402414 0.392354 0.366197 0.295775 0.15493 0.0905433 0.199195 0.448692 0.712274 0.877264 0.943662 0.981891 0.995976 0.997988 0.995976 0.995976 0.997988
0.997988 0.997988 0.995976 0.993964 0.993964 0.969819 0.927565 0.867203 0.792757 0.696177 0.625755 0.599598 0.575453 0.478873 0.325956 0.189135 0.158954 0.295775 0.555332 0.764588 0.889336 0.961771 0.983903 0.991952 0.997988 0.997988 0.997988 0.997988
0.997988 0.997988 0.995976 0.995976 0.995976 0.985915 0.971831 0.94165 0.895372 0.849095 0.810865 0.772636 0.690141 0.539235 0.334004 0.243461 0.243461 0.418511 0.635815 0.784708 0.905433 0.967807 0.977867 0.987928 0.995976 0.997988 0.997988 0.997988
0.997988 0.997988 0.997988 0.995976 0.995976 0.987928 0.981891 0.965795 0.95171 0.937626 0.8833 0.818913 0.710262 0.531187 0.382294 0.336016 0.370221 0.541247 0.700201 0.810865 0.901408 0.971831 0.977867 0.98994 0.991952 0.997988 0.997988 0.997988
0.997988 0.997988 0.997988 0.995976 0.995976 0.993964 0.981891 0.979879 0.973843 0.935614 0.899396 0.816901 0.651911 0.492958 0.414487 0.418511 0.49497 0.603622 0.738431 0.828974 0.903421 0.961771 0.977867 0.98994 0.991952 0.997988 0.997988 0.997988
0.997988 0.997988 0.997988 0.997988 0.995976 0.993964 0.985915 0.975855 0.957746 0.915493 0.837022 0.71831 0.593561 0.501006 0.450704 0.472837 0.549296 0.686117 0.756539 0.837022 0.901408 0.947686 0.977867 0.98994 0.991952 0.997988 0.997988 0.997988
0.997988 0.997988 0.997988 0.997988 0.997988 0.995976 0.983903 0.965795 0.929577 0.869215 0.77666 0.663984 0.555332 0.511066 0.507042 0.557344 0.631791 0.708249 0.762575 0.82495 0.889336 0.943662 0.977867 0.98994 0.991952 0.997988 0.997988 0.997988
0.997988 0.997988 0.997988 0.997988 0.995976 0.993964 0.981891 0.943662 0.89336 0.82495 0.714286 0.645875 0.573441 0.561368 0.571429 0.615694 0.678068 0.722334 0.762575 0.837022 0.879276 0.937626 0.971831 0.985915 0.993964 0.997988 0.997988 0.997988
0.997988 0.997988 0.997988 0.997988 0.993964 0.987928 0.971831 0.93159 0.875252 0.796781 0.704225 0.649899 0.613682 0.629779 0.647887 0.674044 0.712274 0.750503 0.77666 0.849095 0.897384 0.935614 0.965795 0.983903 0.995976 0.997988 0.997988 0.997988
0.997988 0.997988 0.997988 0.997988 0.995976 0.985915 0.965795 0.927565 0.873239 0.810865 0.742455 0.704225 0.704225 0.714286 0.730382 0.752515 0.768612 0.794769 0.82495 0.891348 0.917505 0.945674 0.971831 0.98994 0.993964 0.997988 0.997988 0.997988
0.997988 0.997988 0.997988 0.995976 0.993964 0.991952 0.985915 0.973843 0.953722 0.937626 0.925553 0.919517 0.915493 0.919517 0.913481 0.923541 0.929577 0.935614 0.947686 0.971831 0.977867 0.983903 0.991952 0.995976 0.997988 0.997988 0.997988 0.997988
0.997988 0.997988 0.997988 0.997988 0.997988 0.997988 0.997988 0.997988 0.997988 0.997988 0.997988 0.997988 0.995976 0.995976 0.993964 0.995976 0.995976 0.997988 0.995976 0.993964 0.995976 0.997988 0.997988 0.997988 0.997988 0.997988 0.997988 0.997988
